===============================================================================
 Language            Files        Lines         Code     Comments       Blanks
===============================================================================
 Arduino C++             5          457          335           51           71
 Batch                   1            3            3            0            0
 C Header                2         1309         1261            6           42
 C++                     1         1327         1162           33          132
 CSS                    25         9159         7781          179         1199
 Java                   33         1717         1380           20          317
 JavaScript             19         1672         1381           93          198
 JSON                    8         4579         4575            0            4
 Kotlin                  1          114           98            0           16
 Python                 53         3272         2556          145          571
 Rust                    3           58           45            0           13
 Shell                   1           18           12            2            4
 TOML                    3           18           15            0            3
 XML                     3        33383        33331           43            9
-------------------------------------------------------------------------------
 HTML                   34         3027         2658           43          326
 |- CSS                  6         1532         1325            5          202
 |- JavaScript           5          651          475           80           96
 (Total)                           5210         4458          128          624
-------------------------------------------------------------------------------
 Markdown               22          482            0          290          192
 |- BASH                 1            4            4            0            0
 |- HTML                 1            7            4            2            1
 (Total)                            493            8          292          193
===============================================================================
 Total                 214        60595        56593          905         3097
===============================================================================

🧹 Deleting cloned repos ...
✅ Done
